-0.065
-0.064
0.250
0.250
-0.279
-0.279
-0.335
-0.335
-0.018
-0.105
0.096
-0.118
0.112
-0.014
0.112
-0.018
-0.105
0.095
-0.118
0.112
-0.014
0.112
-0.021
-0.109
0.054
-0.113
0.115
-0.019
0.114
0.128
0.128
-0.115
0.110
0.110
0.110
-0.115
0.110
0.110
0.110
-0.020
-0.113
0.055
-0.109
0.114
-0.021
0.115
-0.023
0.055
-0.110
-0.021
-0.114
0.117
-0.021
0.113
0.055
-0.114
-0.022
-0.110
0.112
-0.015
0.117
0.095
-0.119
-0.019
-0.106
0.111
0.128
0.112
-0.066
-0.281
-0.066
0.250
0.251
-0.116
0.130
-0.281
-0.337
-0.335
0.106
0.103
0.121
-0.021
-0.117
-0.108
0.090
0.102
0.106
0.121
-0.119
0.111
-0.099
0.113
0.121
-0.014
0.096
-0.118
-0.018
-0.106
0.112
0.129
0.113
-0.065
-0.280
-0.065
0.251
0.251
-0.115
0.130
-0.280
-0.335
-0.335
0.104
0.107
0.122
-0.019
-0.115
-0.106
0.096
0.107
0.104
0.121
-0.119
0.112
-0.013
0.112
-0.024
-0.109
0.053
-0.114
0.117
-0.019
0.113
-0.026
-0.117
0.045
-0.118
0.111
-0.110
0.114
0.120
